1 0.2625 0.73984375 0.058984375 0.1078125
1 0.3078125 0.7390625 0.058984375 0.1125
1 0.34765625 0.74453125 0.065625 0.117578125
1 0.390625 0.74765625 0.053515625 0.0921875
1 0.4328125 0.7484375 0.058984375 0.096875
1 0.4734375 0.74921875 0.059765625 0.10625
1 0.51328125 0.7453125 0.057421875 0.102734375
2 0.59765625 0.7390625 0.0515625 0.12734375
2 0.5515625 0.73515625 0.046875 0.116796875
2 0.30078125 0.6203125 0.041796875 0.099609375
2 0.365625 0.61796875 0.043359375 0.086328125
2 0.47265625 0.6203125 0.044921875 0.09140625
2 0.546875 0.6203125 0.046875 0.102734375
2 0.621875 0.621875 0.044140625 0.11171875
2 0.58125 0.61796875 0.040234375 0.090625
1 0.48125 0.2953125 0.041015625 0.04765625
1 0.51171875 0.23671875 0.046875 0.054296875
1 0.571875 0.1484375 0.0375 0.04375
1 0.59453125 0.1484375 0.0375 0.05
1 0.61875 0.146875 0.041015625 0.056640625
1 0.64453125 0.14296875 0.0375 0.0609375
1 0.65 0.7453125 0.0625 0.10625
1 0.68671875 0.746875 0.070703125 0.090625
1 0.0609375 0.7328125 0.065625 0.096875
1 0.3015625 0.9421875 0.075 0.115625
1 0.3484375 0.95 0.065625 0.1
1 0.39921875 0.94921875 0.0578125 0.1015625
2 0.065625 0.61015625 0.053515625 0.0953125
2 0.10546875 0.6078125 0.039453125 0.103515625
2 0.15234375 0.61171875 0.039453125 0.0953125
2 0.1859375 0.6125 0.041015625 0.090625
2 0.21953125 0.6125 0.044921875 0.09375
2 0.25390625 0.615625 0.044921875 0.09453125
2 0.40703125 0.61875 0.041796875 0.09296875
2 0.4390625 0.61953125 0.040234375 0.090625
2 0.50859375 0.61640625 0.039453125 0.114453125
2 0.659375 0.6265625 0.046875 0.10859375
2 0.6921875 0.6265625 0.05 0.100390625
2 0.8078125 0.62734375 0.065625 0.109375