1 0.740625 0.24375 0.087890625 0.071484375
1 0.721875 0.29609375 0.084375 0.078125
1 0.7140625 0.340625 0.090234375 0.083984375
1 0.70546875 0.3953125 0.092578125 0.102734375
1 0.68984375 0.46171875 0.076171875 0.096875
1 0.6609375 0.53125 0.087890625 0.10703125
1 0.64609375 0.63359375 0.104296875 0.1703125
1 0.621875 0.72421875 0.128125 0.15625
1 0.46640625 0.178125 0.070703125 0.078125
1 0.44140625 0.22109375 0.065625 0.0609375
1 0.41953125 0.2703125 0.0671875 0.06484375
1 0.39140625 0.3140625 0.076171875 0.069140625
1 0.353125 0.3625 0.08046875 0.065625
1 0.30859375 0.415625 0.08125 0.078125
1 0.0671875 0.78046875 0.1125 0.1578125
1 0.6203125 0.34375 0.065625 0.0625
1 0.6 0.409375 0.06796875 0.0625
2 0.63203125 0.2703125 0.09375 0.06015625
2 0.56796875 0.86640625 0.138671875 0.180078125
2 0.40390625 0.85234375 0.146875 0.163671875