2 0.56484375 0.88203125 0.159375 0.190625
2 0.5921875 0.725 0.128125 0.147265625
2 0.621875 0.6140625 0.118359375 0.130859375
2 0.6515625 0.525 0.124609375 0.109375
2 0.67890625 0.453125 0.104296875 0.090625
2 0.6890625 0.3734375 0.115625 0.072265625
2 0.70234375 0.3171875 0.076953125 0.06484375
2 0.7171875 0.26640625 0.072265625 0.054296875
2 0.721875 0.2265625 0.06796875 0.046875
0 0.7828125 0.8953125 0.074609375 0.203125
0 0.79140625 0.71953125 0.084375 0.161328125
0 0.81640625 0.5890625 0.06875 0.140625
0 0.81640625 0.4703125 0.058203125 0.09375
0 0.825 0.39609375 0.055859375 0.0765625
0 0.821875 0.32578125 0.062109375 0.0609375
2 0.0640625 0.7375 0.102734375 0.128125
0 0.6265625 0.20234375 0.056640625 0.057421875
2 0.57421875 0.43984375 0.091796875 0.078125
2 0.5921875 0.3734375 0.090234375 0.065625
2 0.62265625 0.3203125 0.101953125 0.05
2 0.63359375 0.265625 0.0984375 0.0625