2 0.60625 0.7390625 0.152734375 0.147265625
2 0.56015625 0.8546875 0.136328125 0.171875
1 0.7375 0.2484375 0.08125 0.0625
1 0.72265625 0.29453125 0.092578125 0.070703125
1 0.715625 0.34296875 0.093359375 0.085546875
1 0.70078125 0.40078125 0.08125 0.0796875
1 0.68984375 0.46328125 0.092578125 0.104296875
1 0.6609375 0.53359375 0.09765625 0.119921875
1 0.64765625 0.628125 0.1 0.14296875
1 0.478125 0.196875 0.090234375 0.071484375
1 0.45078125 0.2390625 0.0671875 0.068359375
1 0.421875 0.27578125 0.06796875 0.073046875
1 0.3890625 0.3171875 0.05234375 0.06484375
1 0.35546875 0.3734375 0.073828125 0.090625
1 0.315625 0.43515625 0.071484375 0.109375
1 0.07265625 0.7828125 0.101953125 0.184375