1 0.7375 0.24375 0.105859375 0.087890625
1 0.72421875 0.2890625 0.107421875 0.087890625
1 0.7203125 0.33671875 0.122265625 0.090625
1 0.078125 0.7703125 0.13046875 0.15859375
1 0.36015625 0.37578125 0.101171875 0.116796875
1 0.4484375 0.21875 0.07890625 0.0625
2 0.56796875 0.8671875 0.1765625 0.209765625
2 0.6078125 0.7328125 0.149609375 0.15625
2 0.40625 0.87734375 0.184765625 0.2
2 0.6296875 0.60625 0.140625 0.13828125
2 0.64765625 0.53359375 0.120703125 0.130078125
2 0.66796875 0.4390625 0.115625 0.103515625