1 0.06640625 0.7890625 0.117578125 0.165234375
1 0.57265625 0.9 0.167578125 0.171875
1 0.61015625 0.740625 0.159375 0.147265625
1 0.63671875 0.6234375 0.123046875 0.128125
1 0.6671875 0.5390625 0.11484375 0.119140625
1 0.67265625 0.4578125 0.096875 0.09140625
1 0.70546875 0.3953125 0.107421875 0.084765625
1 0.3234375 0.42421875 0.069140625 0.1265625
1 0.3625 0.3640625 0.084765625 0.116015625
1 0.3953125 0.3171875 0.078125 0.084765625
1 0.41640625 0.26875 0.078125 0.090625
1 0.44921875 0.234375 0.0640625 0.087109375
1 0.4734375 0.196875 0.074609375 0.071484375
1 0.71484375 0.34921875 0.101953125 0.096875
1 0.725 0.29453125 0.09453125 0.088671875
1 0.41953125 0.8828125 0.154296875 0.193359375
1 0.64296875 0.25625 0.065625 0.068359375
1 0.63046875 0.303125 0.073046875 0.071484375
1 0.62265625 0.3515625 0.0984375 0.06484375
1 0.59453125 0.40625 0.089453125 0.083984375