0 0.1515625 0.20390625 0.090234375 0.109375
0 0.2046875 0.38203125 0.09765625 0.125
0 0.225 0.5140625 0.08125 0.121875
0 0.25546875 0.64140625 0.104296875 0.1546875
0 0.7953125 0.65703125 0.149609375 0.133203125
0 0.47109375 0.14375 0.086328125 0.055859375
0 0.6421875 0.4046875 0.09765625 0.100390625
0 0.70859375 0.5203125 0.117578125 0.102734375
0 0.5296875 0.22109375 0.103515625 0.085546875
2 0.45625 0.675 0.12578125 0.121875
2 0.4171875 0.5625 0.137890625 0.10703125
2 0.39296875 0.4671875 0.128125 0.090625
2 0.35234375 0.3859375 0.105078125 0.102734375
2 0.3359375 0.32265625 0.100390625 0.069921875
2 0.31015625 0.259375 0.101953125 0.06328125
2 0.27890625 0.196875 0.0984375 0.071484375
2 0.2625 0.14296875 0.090234375 0.05
2 0.24375 0.090625 0.09375 0.059375
2 0.534375 0.82265625 0.15703125 0.15625
2 0.61796875 0.73359375 0.151171875 0.151171875
2 0.58125 0.59609375 0.13046875 0.1125
2 0.52578125 0.49453125 0.109375 0.0796875
2 0.30078125 0.0296875 0.076171875 0.04765625
2 0.31015625 0.07890625 0.078125 0.0328125
2 0.32890625 0.11875 0.073046875 0.05
2 0.36015625 0.1671875 0.09375 0.04375
2 0.371875 0.2140625 0.08046875 0.046875
2 0.40234375 0.27109375 0.088671875 0.065625
2 0.43828125 0.33828125 0.086328125 0.059375
2 0.478125 0.41171875 0.125 0.0765625