2 0.25234375 0.09609375 0.0796875 0.057421875
2 0.2671875 0.14921875 0.087890625 0.059375
2 0.4640625 0.6796875 0.11484375 0.109375
2 0.53671875 0.82109375 0.151953125 0.1421875
2 0.61640625 0.73125 0.135546875 0.131640625
0 0.80078125 0.653125 0.1453125 0.13828125
0 0.7046875 0.5125 0.15859375 0.103515625
2 0.409375 0.5734375 0.12578125 0.10625
2 0.3890625 0.47421875 0.11484375 0.096875
2 0.35703125 0.38046875 0.109375 0.0796875
2 0.32578125 0.31484375 0.091796875 0.078125
2 0.30703125 0.25234375 0.091796875 0.057421875
2 0.2765625 0.19609375 0.072265625 0.038671875