1 0.51328125 0.8359375 0.203125 0.209765625
1 0.4640625 0.6953125 0.166015625 0.16875
1 0.41875 0.58828125 0.1625 0.159375
2 0.39609375 0.48671875 0.148828125 0.130078125
1 0.3546875 0.40078125 0.13125 0.114453125
1 0.32421875 0.32578125 0.116796875 0.1125
1 0.31015625 0.259375 0.109375 0.1125
1 0.28359375 0.20859375 0.107421875 0.101171875
1 0.26015625 0.15703125 0.0984375 0.0953125
1 0.62109375 0.740625 0.1296875 0.171875
1 0.5953125 0.628125 0.168359375 0.180859375
1 0.55546875 0.53046875 0.1578125 0.140625
1 0.50625 0.43515625 0.133984375 0.1375
1 0.46640625 0.359375 0.123046875 0.115234375
1 0.42734375 0.290625 0.1421875 0.102734375
1 0.41171875 0.23203125 0.128125 0.10625
1 0.371875 0.1734375 0.100390625 0.100390625
1 0.3484375 0.13359375 0.09609375 0.073046875
1 0.8859375 0.53046875 0.11015625 0.1375
1 0.82109375 0.45234375 0.088671875 0.151171875
1 0.76015625 0.3765625 0.073828125 0.13984375
1 0.71484375 0.303125 0.073828125 0.147265625
1 0.66171875 0.24453125 0.073046875 0.132421875
1 0.62265625 0.19453125 0.0671875 0.117578125
1 0.5921875 0.1515625 0.06875 0.10625
1 0.553125 0.1 0.05 0.09453125
1 0.51640625 0.05546875 0.073046875 0.090625