2 0.51328125 0.8234375 0.1890625 0.18515625
1 0.4609375 0.68984375 0.159375 0.161328125
2 0.41875 0.578125 0.137890625 0.13828125
2 0.39609375 0.4765625 0.13125 0.1125
2 0.365625 0.40703125 0.150390625 0.0921875
2 0.45390625 0.346875 0.151953125 0.134765625
2 0.32265625 0.32109375 0.133203125 0.090625
2 0.30859375 0.2546875 0.119921875 0.08125
2 0.28515625 0.19375 0.096875 0.075
2 0.259375 0.14765625 0.096875 0.059375
2 0.25078125 0.09453125 0.096875 0.0640625
1 0.54453125 0.5203125 0.151171875 0.14375
1 0.49765625 0.4359375 0.1296875 0.121875
1 0.52109375 0.0546875 0.058203125 0.109375
1 0.55 0.10078125 0.053125 0.104296875
1 0.6234375 0.18828125 0.058984375 0.0953125
1 0.6578125 0.2484375 0.056640625 0.134765625
1 0.70859375 0.325 0.06875 0.153125
1 0.759375 0.24375 0.093359375 0.09453125
1 0.93359375 0.44453125 0.1328125 0.101171875
2 0.628125 0.7296875 0.18828125 0.165234375
2 0.55 0.609375 0.140625 0.131640625
2 0.3609375 0.17421875 0.102734375 0.088671875
1 0.853125 0.128125 0.08203125 0.131640625
1 0.809375 0.07734375 0.072265625 0.1265625
1 0.7625 0.05546875 0.06875 0.1109375
2 0.82109375 0.43515625 0.088671875 0.182421875
2 0.76484375 0.36796875 0.073828125 0.194921875
2 0.89296875 0.52578125 0.107421875 0.184375