1 0.49453125 0.80625 0.151171875 0.130859375
1 0.528125 0.5125 0.14453125 0.09375
1 0.28203125 0.2109375 0.101171875 0.056640625
1 0.346875 0.171875 0.08125 0.052734375
1 0.86484375 0.36875 0.1109375 0.075
1 0.5453125 0.1140625 0.06875 0.068359375
1 0.8875 0.5328125 0.08046875 0.121875
1 0.73046875 0.19453125 0.119921875 0.069921875
1 0.90390625 0.1796875 0.060546875 0.09609375
2 0.4609375 0.6796875 0.1625 0.119140625
2 0.41796875 0.57265625 0.1296875 0.09375
2 0.38515625 0.47421875 0.1296875 0.0796875
2 0.359375 0.39140625 0.137109375 0.098828125
2 0.31015625 0.31328125 0.1125 0.085546875
2 0.26640625 0.146875 0.089453125 0.046875
2 0.63203125 0.734375 0.148828125 0.149609375
2 0.57265625 0.60234375 0.1296875 0.128125
2 0.48671875 0.4234375 0.1 0.0625
2 0.4421875 0.33671875 0.109375 0.069921875
2 0.40625 0.27890625 0.09453125 0.075
2 0.3796875 0.2234375 0.071484375 0.05