0 0.9 0.26796875 0.07578125 0.18125
0 0.04375 0.27734375 0.071875 0.15625
2 0.246875 0.40703125 0.03203125 0.104296875
2 0.28671875 0.4125 0.038671875 0.1
2 0.32265625 0.415625 0.0421875 0.125390625
2 0.36484375 0.4125 0.036328125 0.121875
2 0.40703125 0.4109375 0.028125 0.1125
2 0.44140625 0.41953125 0.0328125 0.114453125
2 0.48203125 0.41640625 0.0375 0.1125
2 0.52421875 0.415625 0.05 0.115234375
0 0.17109375 0.7640625 0.0390625 0.105859375
2 0.58046875 0.40859375 0.045703125 0.104296875
0 0.72421875 0.421875 0.053125 0.11953125
0 0.78125 0.42109375 0.044140625 0.129296875
0 0.95234375 0.11640625 0.086328125 0.058203125
0 0.9546875 0.18203125 0.090234375 0.058203125
1 0.1703125 0.4078125 0.037109375 0.07734375
2 0.0578125 0.415625 0.046484375 0.106640625
2 0.09609375 0.40546875 0.036328125 0.1015625
2 0.13203125 0.4125 0.03125 0.103515625